multiPhiMo -- errore min-max per descrittore (motore C++: rete v5 + ricerca reale), 10 target per eccitatore x forma.
Errore = |misurato - richiesto| / (p95 - p5 del descrittore per l'eccitatore), in %. rete = prima nota; +30 = dopo 30 render di ricerca reale.
min/max = target migliore/peggiore; p10/p90 = 10% dei target sotto/sopra; media = errore medio.
Dettaglio per coppia eccitatore/forma e errori assoluti (unita' del descrittore) in errori_descrittori.csv.

######## PER ECCITATORE (tutte le forme)

== eccitatore bird
                     | rete (prima nota), %               | +30 render, %                     
  descrittore        |    min    p10  media    p90    max |    min    p10  media    p90    max
  spectral_centroid  |    0.1    0.7   10.0   21.4   42.4 |    0.2    0.7    7.0   14.2   31.8
  spectral_spread    |    0.4    1.5    9.6   19.0   51.3 |    0.0    0.9    6.4   15.2   29.2
  spectral_rolloff   |    0.0    0.0    9.9   26.5   78.5 |    0.0    0.0    5.9   16.8   78.5
  spectral_flatness  |    0.6    2.4   17.1   41.5   80.3 |    0.1    1.8    8.7   18.8   31.7
  roughness          |    0.4    1.0   13.8   28.1   66.2 |    0.1    1.1    6.6   13.0   24.5
  tonal_focus        |    0.1    2.0   18.1   40.7   75.7 |    0.0    1.0    9.1   20.9   39.2
  inharmonicity      |    0.1    2.1   17.2   36.1   84.8 |    0.5    2.2    9.7   20.2   27.9
  formant_f1         |    0.1    0.7   13.1   30.6   64.5 |    0.0    0.4    7.0   18.9   28.4
  formant_f2         |    0.0    0.4   11.1   30.4   60.8 |    0.0    0.8    7.7   17.9   38.6
  formant_f3         |    0.0    0.4   14.1   36.3   86.1 |    0.0    0.3    6.1   16.3   33.8
  mod_rate           |    0.0    0.6   10.1   22.3  101.3 |    0.0    0.3    5.5   14.4   32.6
  mod_depth          |    0.0    0.6   11.7   29.1   62.2 |    0.1    0.6    8.0   20.2   42.4
  attack_time        |    0.0    2.3   14.4   31.2   62.9 |    0.0    2.5    9.5   17.6   29.2
  decay_time         |    0.2    0.9    9.8   22.9   79.2 |    0.0    0.8    6.6   18.5   29.4
  pitch              |    0.0    0.0    0.2    0.6    0.7 |    0.0    0.0    0.2    0.6    0.9
  MEDIA (15 descr.)  |                 12.0               |                  6.9              

== eccitatore blow
                     | rete (prima nota), %               | +30 render, %                     
  descrittore        |    min    p10  media    p90    max |    min    p10  media    p90    max
  spectral_centroid  |    0.1    0.6    8.0   16.4   63.3 |    0.0    0.4    4.6    8.9   32.8
  spectral_spread    |    0.0    0.4    7.4   17.4   48.1 |    0.0    0.2    4.3   10.5   44.7
  spectral_rolloff   |    0.0    0.0   11.6   28.7   89.2 |    0.0    0.0    4.6   12.3   24.5
  spectral_flatness  |    0.0    1.2   10.7   23.7   63.2 |    0.2    1.0    7.8   18.3   27.9
  roughness          |    0.0    0.5    9.4   22.4   67.7 |    0.0    0.6    5.7   12.2   28.2
  tonal_focus        |    0.3    2.0   13.4   34.1   53.8 |    0.0    1.0    7.8   16.1   41.2
  inharmonicity      |    0.2    1.5   17.0   38.8   84.0 |    0.4    0.9    8.2   15.4   57.7
  formant_f1         |    0.0    0.1   12.2   32.6   93.4 |    0.0    0.3    6.4   15.4   41.3
  formant_f2         |    0.0    0.5   11.6   28.9   67.0 |    0.0    0.3    6.8   17.4   38.7
  formant_f3         |    0.0    0.3   16.4   34.3   90.8 |    0.0    0.2    6.0   16.8   32.8
  mod_rate           |    0.0    0.4   11.4   28.2   95.0 |    0.0    0.4    7.0   17.9   72.7
  mod_depth          |    0.0    0.7    9.2   23.7   49.2 |    0.0    0.7    7.1   17.6   36.2
  attack_time        |    0.0    0.4   10.8   30.6   52.9 |    0.0    0.6    6.6   14.6   37.4
  decay_time         |    0.0    1.3   11.8   30.5   55.9 |    0.0    1.2    6.6   13.2   25.8
  pitch              |    0.0    0.0    1.4    0.3   64.4 |    0.0    0.0    0.1    0.3    0.8
  MEDIA (15 descr.)  |                 10.8               |                  6.0              

== eccitatore bow
                     | rete (prima nota), %               | +30 render, %                     
  descrittore        |    min    p10  media    p90    max |    min    p10  media    p90    max
  spectral_centroid  |    0.1    0.6    9.1   19.2   93.3 |    0.0    0.6    5.1   11.6   23.0
  spectral_spread    |    0.0    0.6    9.7   20.8   90.7 |    0.1    1.0    6.5   11.6   49.1
  spectral_rolloff   |    0.0    0.0   12.4   36.8   78.7 |    0.0    0.0    5.9   15.7   29.3
  spectral_flatness  |    0.5    4.6   19.6   37.2   89.0 |    0.7    1.6    8.9   18.0   34.7
  roughness          |    0.2    0.9   13.2   25.9   75.3 |    0.1    0.8    6.0   12.0   25.4
  tonal_focus        |    0.0    0.9   16.2   38.4   71.4 |    0.0    1.1    7.7   16.5   33.7
  inharmonicity      |    0.1    1.3   11.9   25.4   57.7 |    0.0    0.7    8.1   18.5   30.1
  formant_f1         |    0.0    0.2   11.0   24.5   70.6 |    0.0    0.2    7.1   17.1   35.9
  formant_f2         |    0.0    0.5   12.9   30.3   80.7 |    0.1    0.4    7.7   18.7   31.7
  formant_f3         |    0.0    1.2   17.7   38.8   88.0 |    0.0    0.8    8.8   18.0   50.2
  mod_rate           |    0.0    0.4   12.3   22.3  173.9 |    0.0    0.7    6.0   12.6   32.1
  mod_depth          |    0.1    0.9   15.2   30.0  280.0 |    0.3    0.7    7.8   15.9   84.7
  attack_time        |    0.0    0.1    9.7   21.9   31.0 |    0.0    0.4    7.8   18.2   23.5
  decay_time         |    0.0    1.5    8.6   16.8   73.8 |    0.0    1.2    5.7   11.9   18.2
  pitch              |    0.0    0.0    2.5    0.2   95.6 |    0.0    0.0    0.1    0.1    0.6
  MEDIA (15 descr.)  |                 12.1               |                  6.6              

== eccitatore chaos
                     | rete (prima nota), %               | +30 render, %                     
  descrittore        |    min    p10  media    p90    max |    min    p10  media    p90    max
  spectral_centroid  |    0.0    0.5    5.9   15.8   46.8 |    0.1    0.7    3.2    6.1   13.0
  spectral_spread    |    0.0    0.1    4.9   14.1   63.0 |    0.0    0.1    3.1    9.3   19.8
  spectral_rolloff   |    0.0    0.0    9.3   19.8   56.8 |    0.0    0.0    6.1   16.5   23.6
  spectral_flatness  |    0.0    1.1    8.4   19.0   42.7 |    0.5    1.4    5.5   11.8   28.9
  roughness          |    0.0    0.5    9.8   24.3   71.0 |    0.2    0.6    4.8    9.1   60.0
  tonal_focus        |    0.1    1.6   14.5   31.6   63.3 |    0.1    1.0    6.5   14.8   32.7
  inharmonicity      |    0.3    2.0   14.5   34.0   66.0 |    0.1    0.9    6.8   13.2   22.8
  formant_f1         |    0.1    0.6    8.8   20.0   33.2 |    0.0    0.6    5.3   11.4   26.7
  formant_f2         |    0.0    1.2   13.3   33.5   96.3 |    0.0    0.5    5.6   14.4   20.9
  formant_f3         |    0.1    1.3   13.9   30.8   73.3 |    0.1    0.4    6.7   18.7   39.3
  mod_rate           |    0.0    0.4   10.0   27.6   45.8 |    0.0    0.4    5.4   14.7   28.7
  mod_depth          |    0.1    0.7   11.1   35.9   62.3 |    0.0    0.3    4.8   12.0   34.8
  attack_time        |    0.0    1.0   10.1   22.9   44.4 |    0.0    0.9    5.1   11.2   20.5
  decay_time         |    0.0    0.7    8.7   18.3   52.6 |    0.0    0.6    4.8   10.2   21.6
  pitch              |    0.0    0.0    1.3    0.5   52.2 |    0.0    0.0    0.1    0.3    0.7
  MEDIA (15 descr.)  |                  9.6               |                  4.9              

== eccitatore mechanical
                     | rete (prima nota), %               | +30 render, %                     
  descrittore        |    min    p10  media    p90    max |    min    p10  media    p90    max
  spectral_centroid  |    0.1    1.0    6.8   16.4   33.7 |    0.0    0.4    4.0    8.9   24.4
  spectral_spread    |    0.0    0.3    7.6   23.0   35.6 |    0.0    0.2    4.4   10.9   24.9
  spectral_rolloff   |    0.0    0.0    5.5   14.7   50.6 |    0.0    0.0    4.5   10.8   37.6
  spectral_flatness  |    0.1    1.5    9.8   22.8   42.3 |    0.2    0.6    6.3   13.4   24.6
  roughness          |    0.0    0.9   11.5   29.1   52.7 |    0.2    0.9    6.5   12.5   28.1
  tonal_focus        |    0.2    1.6   11.9   25.9   49.8 |    0.0    0.7    6.7   15.5   31.8
  inharmonicity      |    0.2    1.5   18.2   36.5   79.8 |    0.1    1.1    8.7   14.9   48.0
  formant_f1         |    0.2    0.7   12.2   24.4   80.1 |    0.0    0.3    5.4   15.8   24.8
  formant_f2         |    0.0    1.3   14.0   32.6   52.5 |    0.0    0.3    7.7   23.4   42.4
  formant_f3         |    0.1    0.5   16.1   36.9   67.8 |    0.0    0.7    7.8   16.4   48.8
  mod_rate           |    0.0    0.1    8.3   24.8   63.2 |    0.0    0.3    4.4   11.2   29.3
  mod_depth          |    0.1    0.7    7.8   19.1   38.7 |    0.1    0.7    5.7   11.9   27.8
  attack_time        |    0.0    1.4   12.9   31.5   59.7 |    0.0    0.5    5.9   12.9   21.2
  decay_time         |    0.0    0.7    7.6   16.9   41.3 |    0.0    0.4    5.4   10.8   22.4
  pitch              |    0.0    0.0    3.3    0.2   63.3 |    0.0    0.0    0.1    0.2    0.6
  MEDIA (15 descr.)  |                 10.2               |                  5.6              

== eccitatore noise
                     | rete (prima nota), %               | +30 render, %                     
  descrittore        |    min    p10  media    p90    max |    min    p10  media    p90    max
  spectral_centroid  |    0.2    1.0   20.4   29.1  202.6 |    0.1    0.7    5.7   13.6   27.3
  spectral_spread    |    0.0    1.1   17.9   43.1  171.5 |    0.0    1.1    7.2   16.6   27.0
  spectral_rolloff   |    0.0    0.7   14.1   38.4  107.7 |    0.0    0.6    5.1    9.6   31.0
  spectral_flatness  |    0.8    2.2   40.3   38.7  471.7 |    0.1    1.9    7.7   14.8   21.0
  roughness          |    0.0    1.0   18.6   48.7   76.3 |    0.0    0.1    6.4   17.0   45.6
  tonal_focus        |    0.7    3.8   21.5   56.6   89.8 |    0.3    0.9    9.7   21.2   61.4
  inharmonicity      |    0.2    3.4   26.3   41.5  113.2 |    0.5    2.9   11.0   20.2   30.8
  formant_f1         |    0.4    1.8   12.4   26.8   75.5 |    0.1    1.4    9.2   21.4   41.5
  formant_f2         |    0.5    2.2   12.6   26.1   80.9 |    0.1    1.3    8.4   17.4   45.7
  formant_f3         |    0.3    1.3   17.5   41.6   98.3 |    0.0    0.7    8.0   19.1   29.6
  mod_rate           |    0.2    1.0   16.8   34.5  242.7 |    0.0    0.7    8.0   16.9   55.3
  mod_depth          |    0.0    0.9   39.6   56.6  377.9 |    0.1    1.1    6.8   15.4   50.0
  attack_time        |    0.3    2.3   14.1   30.0   75.7 |    0.0    1.0    6.2   14.1   20.1
  decay_time         |    0.2    1.7   11.1   24.0   67.8 |    0.2    1.1    7.4   14.5   29.9
  pitch              |    0.8    3.1   17.9   49.2   96.7 |    0.5    1.7    8.1   23.3   27.7
  MEDIA (15 descr.)  |                 20.1               |                  7.7              

== eccitatore pluck
                     | rete (prima nota), %               | +30 render, %                     
  descrittore        |    min    p10  media    p90    max |    min    p10  media    p90    max
  spectral_centroid  |    0.0    0.7    9.6   23.4   53.5 |    0.0    0.7    5.1   10.5   19.2
  spectral_spread    |    0.2    2.4   11.7   22.3  108.1 |    0.1    0.7    6.0   10.6   35.2
  spectral_rolloff   |    0.0    0.0    9.1   24.7  112.3 |    0.0    0.0    4.6   12.6   31.4
  spectral_flatness  |    0.3    3.1   15.8   33.4   70.4 |    0.3    1.5    7.0   13.8   27.3
  roughness          |    0.0    0.2   10.1   23.6   52.8 |    0.0    0.6    6.7   17.0   32.9
  tonal_focus        |    0.3    0.5    9.8   21.6   60.1 |    0.0    0.8    6.7   12.4   45.2
  inharmonicity      |    0.3    1.2   13.1   26.3   79.3 |    0.1    0.8    7.5   17.3   46.4
  formant_f1         |    0.1    0.3   11.4   28.9   42.9 |    0.0    0.2    6.0   15.3   28.1
  formant_f2         |    0.0    0.4   10.1   29.2   54.1 |    0.0    0.3    5.5   13.1   44.4
  formant_f3         |    0.0    0.8   14.8   38.1   81.5 |    0.0    0.4    7.0   18.2   40.9
  mod_rate           |    0.0    0.5   11.0   22.5  143.8 |    0.0    0.4    6.4   13.4   46.1
  mod_depth          |    0.1    0.5    9.4   32.1   68.7 |    0.1    0.4    5.1   12.3   29.5
  attack_time        |    0.0    0.0    7.5   16.7   34.5 |    0.0    0.0    4.3   10.4   34.5
  decay_time         |    0.0    0.6    6.5   12.6   35.6 |    0.1    0.7    5.3   10.7   19.4
  pitch              |    0.0    0.0    1.2    0.1   35.8 |    0.0    0.0    0.0    0.1    0.7
  MEDIA (15 descr.)  |                 10.1               |                  5.5              

== eccitatore shaker
                     | rete (prima nota), %               | +30 render, %                     
  descrittore        |    min    p10  media    p90    max |    min    p10  media    p90    max
  spectral_centroid  |    0.0    0.4    5.2   10.8   22.6 |    0.2    0.8    5.0    9.3   26.2
  spectral_spread    |    0.0    1.2   10.4   25.9   62.1 |    0.1    1.1    7.2   18.2   45.5
  spectral_rolloff   |    0.0    0.6    7.6   17.4   56.1 |    0.0    1.0    5.8   13.2   30.8
  spectral_flatness  |    0.0    2.0   11.8   23.1   57.4 |    0.3    1.4    8.0   16.4   38.5
  roughness          |    0.0    1.9   15.8   34.7   64.4 |    0.0    0.3    7.1   15.3   22.0
  tonal_focus        |    0.4    3.0   19.8   40.1   63.2 |    0.3    1.6    9.7   23.3   40.0
  inharmonicity      |    0.2    3.5   17.2   34.1   80.0 |    0.4    2.6   10.7   20.4   44.1
  formant_f1         |    0.0    1.1    9.3   16.7   54.2 |    0.1    2.3    9.1   20.2   44.4
  formant_f2         |    0.2    2.2   14.5   34.3   56.3 |    0.0    0.8   10.6   19.8   56.3
  formant_f3         |    0.2    1.9   14.6   27.5   95.7 |    0.0    1.3    8.3   17.2   29.2
  mod_rate           |    0.0    0.5   11.0   26.8   89.1 |    0.0    0.4    5.2   10.5   24.1
  mod_depth          |    0.1    1.1   10.1   20.9   49.6 |    0.1    1.2    8.0   19.4   40.9
  attack_time        |    0.0    2.9   15.2   32.3   58.1 |    0.0    1.1    8.7   17.7   31.0
  decay_time         |    0.0    0.9    5.9   11.7   36.2 |    0.0    0.6    5.1   11.0   23.0
  pitch              |    0.1    0.9   10.0   36.2   60.7 |    0.0    0.3    4.6   11.9   21.3
  MEDIA (15 descr.)  |                 11.9               |                  7.5              

== eccitatore strike
                     | rete (prima nota), %               | +30 render, %                     
  descrittore        |    min    p10  media    p90    max |    min    p10  media    p90    max
  spectral_centroid  |    0.1    0.2    6.7   13.9   63.1 |    0.0    0.2    4.9   13.0   21.5
  spectral_spread    |    0.0    1.2   10.8   24.2   62.1 |    0.1    0.5    5.0   10.6   25.0
  spectral_rolloff   |    0.0    0.0    7.7   18.5   93.0 |    0.0    0.0    4.5   13.9   26.1
  spectral_flatness  |    0.3    1.8   13.7   29.0   47.2 |    0.3    1.2    7.1   14.3   27.9
  roughness          |    0.0    0.0   15.7   41.2   89.6 |    0.0    0.0    8.4   24.9   37.0
  tonal_focus        |    0.0    0.7   14.4   39.9   75.0 |    0.1    0.9    8.6   20.1   50.4
  inharmonicity      |    1.2    2.8   18.7   39.2   82.1 |    0.0    1.0    8.2   20.5   32.9
  formant_f1         |    0.0    0.3    9.3   27.1   53.6 |    0.0    0.2    6.8   18.7   34.0
  formant_f2         |    0.0    0.2    9.5   23.7   61.4 |    0.0    0.2    5.8   19.7   43.5
  formant_f3         |    0.0    0.2   16.7   44.8  111.8 |    0.0    0.2    8.0   23.8   47.0
  mod_rate           |    0.0    0.4   11.4   29.4   65.4 |    0.0    0.4    6.0   14.0   49.2
  mod_depth          |    0.1    1.9   11.0   24.2   68.4 |    0.0    0.7    6.4   15.9   26.8
  attack_time        |    0.0    0.0   12.2   25.5   57.5 |    0.0    0.0    8.2   16.0   59.7
  decay_time         |    0.0    0.3    5.5   11.3   43.3 |    0.0    0.2    5.2   11.1   17.4
  pitch              |    0.0    0.0    1.2    0.3   34.2 |    0.0    0.0    0.1    0.5    0.7
  MEDIA (15 descr.)  |                 11.0               |                  6.2              

== eccitatore vocal
                     | rete (prima nota), %               | +30 render, %                     
  descrittore        |    min    p10  media    p90    max |    min    p10  media    p90    max
  spectral_centroid  |    0.1    1.3    7.0   12.0   47.3 |    0.0    0.5    4.5    8.5   30.2
  spectral_spread    |    0.1    0.7    7.3   19.7   49.4 |    0.0    0.4    4.1    8.8   53.0
  spectral_rolloff   |    0.0    0.0   11.2   33.4   61.5 |    0.0    0.0    5.9   14.4   39.9
  spectral_flatness  |    0.1    1.7   11.2   21.4   40.9 |    0.2    1.3    7.9   15.9   34.8
  roughness          |    0.2    0.5   11.9   30.2   82.2 |    0.0    0.5    5.5   13.6   25.9
  tonal_focus        |    0.0    1.4   13.4   28.3   46.0 |    0.0    1.0    7.6   15.5   28.5
  inharmonicity      |    0.1    1.1   17.9   45.3   89.0 |    0.2    1.0    6.8   11.9   37.8
  formant_f1         |    0.0    0.6   16.6   38.1   62.2 |    0.0    0.6    8.1   18.4   42.8
  formant_f2         |    0.0    1.0   12.4   32.9   57.8 |    0.0    1.0    8.6   21.4   30.1
  formant_f3         |    0.2    1.0   17.1   37.4   78.9 |    0.1    0.4    7.5   17.8   36.3
  mod_rate           |    0.0    0.1    6.5   14.2   46.7 |    0.0    0.3    4.2   12.1   21.1
  mod_depth          |    0.2    1.1   10.9   29.2   97.8 |    0.2    0.6    6.8   15.6   35.5
  attack_time        |    0.0    0.2   12.1   30.5   57.6 |    0.0    0.3    7.8   18.0   37.0
  decay_time         |    0.0    1.0    8.3   18.2   40.2 |    0.0    0.3    5.9   11.3   30.4
  pitch              |    0.0    0.0    7.8    0.5  141.0 |    0.0    0.0    0.2    0.3    1.0
  MEDIA (15 descr.)  |                 11.4               |                  6.1              

######## PER FORMA DEL RISONATORE (tutti gli eccitatori)

== forma bar
                     | rete (prima nota), %               | +30 render, %                     
  descrittore        |    min    p10  media    p90    max |    min    p10  media    p90    max
  spectral_centroid  |    0.1    0.5    7.9   19.0   53.5 |    0.0    0.6    4.4    9.5   27.3
  spectral_spread    |    0.0    0.5    9.6   22.9   62.1 |    0.0    0.5    5.1   12.9   23.2
  spectral_rolloff   |    0.0    0.0   10.5   24.7  112.3 |    0.0    0.0    5.0   13.5   31.0
  spectral_flatness  |    0.1    2.2   14.7   38.3   63.2 |    0.1    0.9    6.5   13.9   28.9
  roughness          |    0.0    0.5   11.1   25.7   52.8 |    0.0    0.6    6.3   14.1   27.3
  tonal_focus        |    0.0    1.0   16.0   35.5   54.5 |    0.0    0.4    7.9   16.8   41.2
  inharmonicity      |    0.2    1.4   14.6   36.1   79.8 |    0.1    1.4    7.9   14.7   44.6
  formant_f1         |    0.0    0.5   10.0   23.0   54.1 |    0.0    0.3    6.4   16.9   29.1
  formant_f2         |    0.0    0.5   11.2   27.8   96.3 |    0.0    0.3    6.9   16.7   34.9
  formant_f3         |    0.0    0.6   14.4   33.7   85.3 |    0.0    0.2    6.8   16.7   50.2
  mod_rate           |    0.0    0.4   10.9   32.0   95.0 |    0.0    0.4    5.8   14.7   25.0
  mod_depth          |    0.0    0.8   10.1   27.0   49.2 |    0.1    0.3    6.3   15.5   36.2
  attack_time        |    0.0    1.7   12.2   27.0   57.6 |    0.0    0.5    6.5   14.6   19.4
  decay_time         |    0.0    1.2    8.9   22.4   44.8 |    0.0    1.0    6.2   14.2   26.3
  pitch              |    0.0    0.0    4.3    2.2  141.0 |    0.0    0.0    0.9    2.1   19.5
  MEDIA (15 descr.)  |                 11.1               |                  5.9              

== forma plate_rect
                     | rete (prima nota), %               | +30 render, %                     
  descrittore        |    min    p10  media    p90    max |    min    p10  media    p90    max
  spectral_centroid  |    0.0    0.7    7.1   16.2   30.5 |    0.0    0.6    5.2   10.4   31.8
  spectral_spread    |    0.0    0.7    8.3   20.8   49.4 |    0.0    0.4    4.7   11.5   21.6
  spectral_rolloff   |    0.0    0.0    8.2   22.2   56.8 |    0.0    0.0    4.8   12.3   27.1
  spectral_flatness  |    0.0    2.0   11.9   24.1   70.4 |    0.2    1.9    8.2   17.1   27.9
  roughness          |    0.0    0.4   13.7   37.7   82.2 |    0.0    0.4    6.6   16.3   32.9
  tonal_focus        |    0.4    1.8   14.9   37.4   55.8 |    0.0    1.1    7.6   17.0   39.2
  inharmonicity      |    0.1    1.6   16.6   35.7  105.8 |    0.2    1.0    8.2   19.7   25.3
  formant_f1         |    0.0    0.4   11.5   28.8   49.9 |    0.0    0.4    6.5   15.0   34.0
  formant_f2         |    0.0    0.2   11.8   32.6   52.5 |    0.0    0.3    7.4   20.4   42.4
  formant_f3         |    0.0    0.4   16.3   38.2   98.3 |    0.0    0.4    6.6   20.9   31.7
  mod_rate           |    0.0    1.0    9.4   24.3   47.9 |    0.0    0.4    5.9   13.4   32.5
  mod_depth          |    0.0    0.6   10.2   28.9   55.0 |    0.0    0.8    6.0   14.7   50.0
  attack_time        |    0.0    1.2   12.5   24.8   58.1 |    0.0    0.0    7.3   16.2   28.4
  decay_time         |    0.0    1.1    8.4   20.7   55.9 |    0.0    0.5    5.9   12.4   30.4
  pitch              |    0.0    0.0    3.1    3.0   64.4 |    0.0    0.0    1.2    1.3   23.7
  MEDIA (15 descr.)  |                 10.9               |                  6.1              

== forma plate_circ
                     | rete (prima nota), %               | +30 render, %                     
  descrittore        |    min    p10  media    p90    max |    min    p10  media    p90    max
  spectral_centroid  |    0.2    0.8    9.3   18.3  174.2 |    0.0    0.4    4.7   10.4   26.2
  spectral_spread    |    0.0    1.0   10.0   27.6   80.9 |    0.0    0.4    6.1   14.8   31.2
  spectral_rolloff   |    0.0    0.0   10.9   34.2   78.5 |    0.0    0.0    6.5   15.1   78.5
  spectral_flatness  |    0.0    1.9   15.8   27.0  393.4 |    0.2    1.0    7.1   13.7   38.5
  roughness          |    0.0    1.1   13.4   35.8   65.7 |    0.0    0.6    7.1   16.8   36.5
  tonal_focus        |    0.1    1.7   16.3   40.2   71.4 |    0.0    0.7    7.5   17.9   33.0
  inharmonicity      |    0.1    1.1   16.2   43.7   71.5 |    0.2    0.8    8.7   17.9   37.8
  formant_f1         |    0.1    0.8   11.3   26.4   46.3 |    0.0    0.7    8.3   18.9   44.4
  formant_f2         |    0.0    1.0   12.3   33.1   64.0 |    0.0    0.6    8.1   20.3   43.5
  formant_f3         |    0.0    0.4   14.6   37.5   85.0 |    0.0    0.1    7.7   18.4   47.0
  mod_rate           |    0.0    0.5   10.3   26.8   58.2 |    0.0    0.4    7.3   17.1   55.3
  mod_depth          |    0.1    0.9   13.5   24.5  356.6 |    0.0    0.8    7.6   17.3   42.4
  attack_time        |    0.0    1.1   14.0   32.2   62.9 |    0.0    1.2    7.8   18.1   34.5
  decay_time         |    0.0    0.5    6.1   13.7   39.8 |    0.0    0.5    5.5   11.1   29.9
  pitch              |    0.0    0.0    2.2    2.0   75.2 |    0.0    0.0    1.2    0.9   26.5
  MEDIA (15 descr.)  |                 11.7               |                  6.8              

== forma membrane
                     | rete (prima nota), %               | +30 render, %                     
  descrittore        |    min    p10  media    p90    max |    min    p10  media    p90    max
  spectral_centroid  |    0.0    0.7   10.5   19.6  168.0 |    0.0    0.3    5.8   15.6   32.8
  spectral_spread    |    0.0    0.9   11.5   22.4  128.7 |    0.0    0.4    6.5   14.8   45.5
  spectral_rolloff   |    0.0    0.0    8.9   19.3   97.3 |    0.0    0.0    4.1    8.8   30.8
  spectral_flatness  |    0.3    1.4   20.9   31.2  418.3 |    0.3    1.5    7.8   19.8   29.6
  roughness          |    0.0    0.6   15.3   41.0   74.4 |    0.0    0.6    6.0   13.5   33.9
  tonal_focus        |    0.3    1.6   15.3   34.2   89.8 |    0.0    1.1    7.9   15.8   40.0
  inharmonicity      |    1.0    2.1   17.6   34.4   89.0 |    0.1    1.8    8.9   20.2   48.0
  formant_f1         |    0.1    0.5    8.8   21.6   54.2 |    0.1    0.4    6.9   16.3   41.5
  formant_f2         |    0.0    1.0   12.9   33.7   61.4 |    0.2    0.8    7.6   20.5   39.8
  formant_f3         |    0.2    0.7   16.5   38.5  111.8 |    0.0    0.4    8.2   18.9   48.8
  mod_rate           |    0.0    0.3   11.6   32.2  101.3 |    0.0    0.3    5.7   12.8   72.7
  mod_depth          |    0.4    1.0   18.8   37.0  353.2 |    0.0    0.4    6.7   14.3   84.7
  attack_time        |    0.0    0.0   12.1   30.8   72.7 |    0.0    0.7    7.6   17.7   37.4
  decay_time         |    0.0    1.1    9.7   28.9   54.9 |    0.0    0.9    6.1   13.3   29.4
  pitch              |    0.0    0.0    3.7    6.0   96.4 |    0.0    0.0    0.7    2.3   10.7
  MEDIA (15 descr.)  |                 12.9               |                  6.4              

== forma tube
                     | rete (prima nota), %               | +30 render, %                     
  descrittore        |    min    p10  media    p90    max |    min    p10  media    p90    max
  spectral_centroid  |    0.0    0.5    8.5   16.5  138.1 |    0.0    0.5    3.8    8.2   14.1
  spectral_spread    |    0.0    0.3    7.4   17.5   76.6 |    0.0    0.3    3.5    7.6   25.1
  spectral_rolloff   |    0.0    0.0   11.4   28.3  107.7 |    0.0    0.0    5.9   16.9   31.4
  spectral_flatness  |    0.5    1.5   18.1   37.3  396.8 |    0.3    1.7    7.7   15.7   31.7
  roughness          |    0.0    0.5   12.8   26.6   85.8 |    0.0    0.9    6.6   14.5   29.0
  tonal_focus        |    0.0    1.1   14.4   31.7   75.7 |    0.0    0.9    6.9   15.3   23.3
  inharmonicity      |    0.2    3.2   17.4   36.5   84.8 |    0.1    0.8    7.8   18.1   57.7
  formant_f1         |    0.0    0.3   13.3   30.2   93.4 |    0.0    0.4    7.3   19.6   36.0
  formant_f2         |    0.0    0.9   13.4   36.3   80.7 |    0.0    0.8    7.2   19.0   45.7
  formant_f3         |    0.1    1.7   14.6   31.0   88.0 |    0.0    0.4    6.4   14.1   30.6
  mod_rate           |    0.0    0.4   13.0   24.0  242.7 |    0.0    0.1    4.1   11.8   27.0
  mod_depth          |    0.0    0.4   17.8   26.1  364.2 |    0.0    0.4    5.7   15.0   40.9
  attack_time        |    0.0    1.5   11.6   22.8   75.7 |    0.0    0.0    5.4   12.9   31.0
  decay_time         |    0.0    1.0   11.6   24.9   79.2 |    0.0    0.3    6.1   12.9   30.0
  pitch              |    0.0    0.0    3.4    5.8   52.2 |    0.0    0.0    1.3    2.8   27.7
  MEDIA (15 descr.)  |                 12.6               |                  5.7              

== forma soundboard
                     | rete (prima nota), %               | +30 render, %                     
  descrittore        |    min    p10  media    p90    max |    min    p10  media    p90    max
  spectral_centroid  |    0.1    0.7    9.4   20.6   67.7 |    0.1    0.7    6.2   15.3   30.2
  spectral_spread    |    0.0    0.3   10.7   26.7  108.1 |    0.0    0.2    6.1   13.4   53.0
  spectral_rolloff   |    0.0    0.0    9.5   24.2   56.1 |    0.0    0.0    6.1   17.2   29.6
  spectral_flatness  |    0.0    1.3   12.4   27.5   80.3 |    0.3    1.4    8.0   17.5   34.8
  roughness          |    0.0    0.5   13.2   30.7   67.7 |    0.0    0.1    6.3   13.7   45.6
  tonal_focus        |    0.2    2.1   17.4   44.0   75.0 |    0.0    1.3   10.3   21.6   61.4
  inharmonicity      |    0.1    3.5   19.9   41.6  113.2 |    0.2    1.3   10.1   20.7   46.4
  formant_f1         |    0.0    0.7   15.1   38.1   75.5 |    0.0    0.2    8.0   22.2   41.3
  formant_f2         |    0.0    0.5   12.0   24.3   80.9 |    0.0    0.4    8.7   18.6   56.3
  formant_f3         |    0.1    0.8   19.7   49.4   90.8 |    0.0    0.7    9.3   23.5   40.9
  mod_rate           |    0.0    0.3   12.4   27.0  143.8 |    0.0    0.4    6.2   14.7   28.7
  mod_depth          |    0.1    1.2   11.8   23.5   97.8 |    0.1    1.0    6.8   17.6   27.6
  attack_time        |    0.0    0.0   10.6   26.2   46.9 |    0.0    0.0    8.1   17.9   59.7
  decay_time         |    0.0    1.0    7.3   15.8   52.6 |    0.1    1.2    5.8   10.8   19.9
  pitch              |    0.0    0.0    3.1    3.6   63.3 |    0.0    0.0    0.5    0.7   12.4
  MEDIA (15 descr.)  |                 12.3               |                  7.1              

== forma chaotic
                     | rete (prima nota), %               | +30 render, %                     
  descrittore        |    min    p10  media    p90    max |    min    p10  media    p90    max
  spectral_centroid  |    0.1    0.4    9.2   17.1  202.6 |    0.1    0.5    4.1    9.2   24.4
  spectral_spread    |    0.1    0.8   10.7   22.1  171.5 |    0.0    0.7    5.9   14.3   24.9
  spectral_rolloff   |    0.0    0.0    9.4   23.0   73.5 |    0.0    0.0    4.6   14.8   20.7
  spectral_flatness  |    0.2    2.5   17.0   30.2  471.7 |    0.1    1.3    7.0   14.7   27.3
  roughness          |    0.0    0.4   11.4   26.1   89.6 |    0.0    0.3    5.7   12.8   60.0
  tonal_focus        |    0.1    1.1   12.8   29.4   77.0 |    0.3    1.0    8.0   16.2   45.2
  inharmonicity      |    0.2    1.2   14.8   36.5   66.0 |    0.0    1.0    8.0   16.7   30.1
  formant_f1         |    0.0    0.2   11.4   26.8   80.1 |    0.0    0.2    5.9   15.3   34.8
  formant_f2         |    0.0    0.5   11.8   32.1   67.0 |    0.0    0.3    6.0   13.9   44.4
  formant_f3         |    0.0    1.0   15.0   36.8   90.4 |    0.0    0.8    7.1   16.7   28.7
  mod_rate           |    0.0    0.3    8.4   24.5   65.4 |    0.0    0.3    5.6   12.7   49.2
  mod_depth          |    0.1    0.6   13.1   26.1  377.9 |    0.0    0.6    7.6   20.2   34.8
  attack_time        |    0.0    0.2   10.5   22.3   74.7 |    0.0    0.7    6.3   14.3   23.5
  decay_time         |    0.0    0.5    6.7   12.8   43.3 |    0.0    0.6    5.1   11.3   19.5
  pitch              |    0.0    0.0    5.0    3.9   96.7 |    0.0    0.0    0.6    1.1    8.3
  MEDIA (15 descr.)  |                 11.2               |                  5.8              

